N         LinearSearch             BinarySearch
100       0.0                      0.0                      
200       0.0                      0.0                    
300       0.0                      0.0
400       0.0                      0.0
500       0.0                      0.0
600       0.0                      0.0
700       0.0                      0.0
800       0.0                      0.0
900       0.0                      0.0
100       0.0                      0.0
20        0.0                      0.0
30        0.0                      0.0
40        0.0                      0.0
50        0.0                      0.0
60        0.0                      0.0
70        0.0                      0.0
80        0.0                   
90        0.0                      
1000      0.0                      
2000      0.0                      
3000      0.0                      
4000      0.0                      
5000      0.0                      
6000      0.0                      
7000      0.0                      
8000      0.0                      
9000      0.0                      
10000     0.0009994507             
11000     0.001003027              
12000     0.0                      
13000     0.0010378361             
14000     0.0005893707             
15000     0.0                      
16000     0.0                      
17000     0.0                      
18000     0.0                      
19000     0.0                      
20000     0.0                      
21000     0.0021092892             
22000     0.0                      
23000     0.0                      
24000     0.0010926723             
25000     0.0021026134             
26000     0.0020365715             
27000     0.0                      
28000     0.0                      
29000     0.0021016598             
30000     0.0                      
31000     0.0                      
32000     0.0                      
33000     0.0019981861             
34000     0.0010590553             
35000     0.002106905              
36000     0.0014586449             
37000     0.0019996166             
38000     0.0009994507             
39000     0.0020141602             
40000     0.0019986629             
41000     0.0029835701             
42000     0.001023531              
43000     0.0019984245             
44000     0.0019993782             
45000     0.003000021              
46000     0.0030019283             
47000     0.0030939579             
48000     0.0051038265             
49000     0.0040528774             
50000     0.0029885769             
100       0.0                      0.0                      
200       0.0                      0.0                      
300       0.0                      0.0                      
400       0.0                      0.0                      
500       0.0                      0.0                      
10        0.0                      0.0                      
20        0.0                      0.0                      
30        0.0                      0.0                      
10        0.0                      0.0                      
10        0.0                      0.0                      
20        0.0                      0.0                      
30        0.0                      0.0                      
40        0.0                      0.0                      
50        0.0                      0.0                      
60        0.0                      0.0                      
70        0.0                      0.0                      
80        0.0                      0.0                      
90        0.0                      0.0                      