N         Bubblesort               BetterBubble             Selectsort               Insertionsort     
9         0.0                      0.0                      0.0                      0.0                      
19        0.0                      0.0                      0.0                      0.0                      
29        0.0                      0.0                      0.0                      0.0                      
39        0.0                      0.0                      0.0                      0.0                      
49        0.002008676528930664     0.002008676528930664     0.0                      0.002008676528930664     
59        0.0                      0.0                      0.0                      0.0                      
69        0.0                      0.0                      0.0                      0.0                      
79        0.0                      0.0                      0.0                      0.0                      
89        0.00038433074951171875   0.00038433074951171875   0.0                      0.00038433074951171875   
0         0.0                      0.0                      0.0                      0.0                      
24        0.0                      0.0                      0.0                      0.0                      
49        0.0                      0.0                      0.0                      0.0                      
74        0.0                      0.0                      0.0                      0.0                      
99        0.0                      0.0                      0.0                      0.0                      
124       0.0                      0.0                      0.0                      0.0                      
149       0.0                      0.0                      0.0004584789276123047    0.0                      
174       0.0028645992279052734    0.0028645992279052734    0.00041484832763671875   0.0028645992279052734    
199       0.00179290771484375      0.00179290771484375      0.001476287841796875     0.00179290771484375      
224       0.0024476051330566406    0.0024476051330566406    0.0038385391235351562    0.0024476051330566406    
249       0.0019440650939941406    0.0019440650939941406    0.0023949146270751953    0.0019440650939941406    
274       0.0019707679748535156    0.0019707679748535156    0.0                      0.0019707679748535156    
299       0.0                      0.0                      0.012608528137207031     0.0                      
324       0.004438161849975586     0.004438161849975586     0.0004413127899169922    0.004438161849975586     
349       0.0056154727935791016    0.0056154727935791016    0.0032939910888671875    0.0056154727935791016    
374       0.006623506546020508     0.006623506546020508     0.0                      0.006623506546020508     
399       0.00998377799987793      0.00998377799987793      0.0                      0.00998377799987793      
424       0.001007080078125        0.001007080078125        0.0                      0.001007080078125        
449       0.012681961059570312     0.012681961059570312     0.004660367965698242     0.012681961059570312     
474       0.013154745101928711     0.013154745101928711     0.0                      0.013154745101928711     
499       0.012604951858520508     0.012604951858520508     0.0                      0.012604951858520508     
524       0.0020678043365478516    0.0020678043365478516    0.01689314842224121      0.0020678043365478516    
549       0.01605987548828125      0.01605987548828125      0.0                      0.01605987548828125      
574       0.01865386962890625      0.01865386962890625      0.0074863433837890625    0.01865386962890625      
599       0.023293733596801758     0.023293733596801758     0.00529789924621582      0.023293733596801758     
624       0.011314868927001953     0.011314868927001953     0.015963315963745117     0.011314868927001953     
649       0.014008760452270508     0.014008760452270508     0.008931875228881836     0.014008760452270508     
674       0.017879247665405273     0.017879247665405273     0.014432430267333984     0.017879247665405273     
699       0.027149438858032227     0.027149438858032227     0.0066950321197509766    0.027149438858032227     
724       0.02800750732421875      0.02800750732421875      0.0                      0.02800750732421875      
749       0.02812790870666504      0.02812790870666504      0.011977434158325195     0.02812790870666504      
774       0.04353022575378418      0.04353022575378418      0.0020160675048828125    0.04353022575378418      
799       0.03255772590637207      0.03255772590637207      0.006737947463989258     0.03255772590637207      
824       0.03506135940551758      0.03506135940551758      0.027251720428466797     0.03506135940551758      
849       0.03738546371459961      0.03738546371459961      0.0071375370025634766    0.03738546371459961      
874       0.15535759925842285      0.15535759925842285      0.008037090301513672     0.15535759925842285      
899       0.04072308540344238      0.04072308540344238      0.014035224914550781     0.04072308540344238      
924       0.04476356506347656      0.04476356506347656      0.015002965927124023     0.04476356506347656      
949       0.057927608489990234     0.057927608489990234     0.018399953842163086     0.057927608489990234     
974       0.03612041473388672      0.03612041473388672      0.004208803176879883     0.03612041473388672      
999       0.0554201602935791       0.0554201602935791       0.01473093032836914      0.0554201602935791       
1024      0.05932116508483887      0.05932116508483887      0.01609063148498535      0.05932116508483887      
1049      0.05741095542907715      0.05741095542907715      0.016409635543823242     0.05741095542907715      
1074      0.05492973327636719      0.05492973327636719      0.025622844696044922     0.05492973327636719      
1099      0.06948280334472656      0.06948280334472656      0.017271995544433594     0.06948280334472656      
1124      0.05992412567138672      0.05992412567138672      0.030605077743530273     0.05992412567138672      
1149      0.07977867126464844      0.07977867126464844      0.01824331283569336      0.07977867126464844      
1174      0.07581520080566406      0.07581520080566406      0.025120973587036133     0.07581520080566406      
1199      0.08034491539001465      0.08034491539001465      0.018233776092529297     0.08034491539001465      
1224      0.07584214210510254      0.07584214210510254      0.018436431884765625     0.07584214210510254      
1249      0.08065199851989746      0.08065199851989746      0.022791385650634766     0.08065199851989746      
1274      0.09647226333618164      0.09647226333618164      0.03828740119934082      0.09647226333618164      
1299      0.09305286407470703      0.09305286407470703      0.03177165985107422      0.09305286407470703      
1324      0.11548399925231934      0.11548399925231934      0.038331031799316406     0.11548399925231934      
1349      0.0920720100402832       0.0920720100402832       0.03471851348876953      0.0920720100402832       
1374      0.1341559886932373       0.1341559886932373       0.04510617256164551      0.1341559886932373       
1399      0.1146237850189209       0.1146237850189209       0.02632451057434082      0.1146237850189209       
1424      0.10418152809143066      0.10418152809143066      0.0693821907043457       0.10418152809143066      
1449      0.11090922355651855      0.11090922355651855      0.0606379508972168       0.11090922355651855      
1474      0.1155080795288086       0.1155080795288086       0.03323054313659668      0.1155080795288086       
1499      0.11827898025512695      0.11827898025512695      0.04237246513366699      0.11827898025512695      
1524      0.1343858242034912       0.1343858242034912       0.06701135635375977      0.1343858242034912       
1549      0.13658618927001953      0.13658618927001953      0.0807492733001709       0.13658618927001953      
1574      0.12064146995544434      0.12064146995544434      0.06271529197692871      0.12064146995544434      
1599      0.1480417251586914       0.1480417251586914       0.03638029098510742      0.1480417251586914       
1624      0.1374504566192627       0.1374504566192627       0.06166791915893555      0.1374504566192627       
1649      0.14943480491638184      0.14943480491638184      0.05308938026428223      0.14943480491638184      
1674      0.2624785900115967       0.2624785900115967       0.04824972152709961      0.2624785900115967       
1699      0.17960071563720703      0.17960071563720703      0.05842733383178711      0.17960071563720703      
1724      0.17197966575622559      0.17197966575622559      0.04613351821899414      0.17197966575622559      
1749      0.19923782348632812      0.19923782348632812      0.06414651870727539      0.19923782348632812      
1774      0.16853904724121094      0.16853904724121094      0.0647280216217041       0.16853904724121094      
1799      0.1698763370513916       0.1698763370513916       0.06563472747802734      0.1698763370513916       
1824      0.24514079093933105      0.24514079093933105      0.0638892650604248       0.24514079093933105      
1849      0.20632457733154297      0.20632457733154297      0.0609593391418457       0.20632457733154297      
1874      0.2353498935699463       0.2353498935699463       0.047638654708862305     0.2353498935699463       
1899      0.20060038566589355      0.20060038566589355      0.05665445327758789      0.20060038566589355      
1924      0.2110438346862793       0.2110438346862793       0.07948851585388184      0.2110438346862793       
1949      0.20662474632263184      0.20662474632263184      0.0613703727722168       0.20662474632263184      
1974      0.2022876739501953       0.2022876739501953       0.07186341285705566      0.2022876739501953       
1999      0.21046113967895508      0.21046113967895508      0.08529400825500488      0.21046113967895508      
2024      0.28352856636047363      0.28352856636047363      0.08065629005432129      0.28352856636047363      
2049      0.228302001953125        0.228302001953125        0.07096004486083984      0.228302001953125        
2074      0.23737812042236328      0.23737812042236328      0.07286930084228516      0.23737812042236328      
2099      0.23979878425598145      0.23979878425598145      0.08200669288635254      0.23979878425598145      
2124      0.24989700317382812      0.24989700317382812      0.09676837921142578      0.24989700317382812      
2149      0.27100396156311035      0.27100396156311035      0.08240628242492676      0.27100396156311035      
2174      0.257279634475708        0.257279634475708        0.09246158599853516      0.257279634475708        
2199      0.3656651973724365       0.3656651973724365       0.08367013931274414      0.3656651973724365       
2224      0.25575947761535645      0.25575947761535645      0.08938217163085938      0.25575947761535645      
2249      0.28958797454833984      0.28958797454833984      0.1101982593536377       0.28958797454833984      
2274      0.29645323753356934      0.29645323753356934      0.10552978515625         0.29645323753356934      
2299      0.2892742156982422       0.2892742156982422       0.09123539924621582      0.2892742156982422       
2324      0.28413987159729004      0.28413987159729004      0.11490726470947266      0.28413987159729004      
2349      0.31098103523254395      0.31098103523254395      0.11325526237487793      0.31098103523254395      
2374      0.31470823287963867      0.31470823287963867      0.09972405433654785      0.31470823287963867      
2399      0.28864479064941406      0.28864479064941406      0.12031912803649902      0.28864479064941406      
2424      0.3170750141143799       0.3170750141143799       0.09724879264831543      0.3170750141143799       
2449      0.3212926387786865       0.3212926387786865       0.12958621978759766      0.3212926387786865       
2474      0.36147522926330566      0.36147522926330566      0.10615730285644531      0.36147522926330566      
2499      0.36253786087036133      0.36253786087036133      0.10143876075744629      0.36253786087036133      
2524      0.3499140739440918       0.3499140739440918       0.09788012504577637      0.3499140739440918       
2549      0.3437526226043701       0.3437526226043701       0.12261271476745605      0.3437526226043701       
2574      0.34319496154785156      0.34319496154785156      0.12993836402893066      0.34319496154785156      
2599      0.35599780082702637      0.35599780082702637      0.09998273849487305      0.35599780082702637      
2624      0.4121978282928467       0.4121978282928467       0.2540297508239746       0.4121978282928467       
2649      0.3867502212524414       0.3867502212524414       0.1452183723449707       0.3867502212524414       
2674      0.39510583877563477      0.39510583877563477      0.1266794204711914       0.39510583877563477      
2699      0.43056178092956543      0.43056178092956543      0.13060760498046875      0.43056178092956543      
2724      0.4328603744506836       0.4328603744506836       0.15399956703186035      0.4328603744506836       
2749      0.4329721927642822       0.4329721927642822       0.1452791690826416       0.4329721927642822       
2774      0.4454822540283203       0.4454822540283203       0.13451313972473145      0.4454822540283203       
2799      0.4758439064025879       0.4758439064025879       0.16294598579406738      0.4758439064025879       
2824      0.48554468154907227      0.48554468154907227      0.16789960861206055      0.48554468154907227      
2849      0.45246291160583496      0.45246291160583496      0.12616658210754395      0.45246291160583496      
2874      0.5264205932617188       0.5264205932617188       0.14843344688415527      0.5264205932617188       
2899      0.5777950286865234       0.5777950286865234       0.12937426567077637      0.5777950286865234       
2924      0.4654092788696289       0.4654092788696289       0.2027907371520996       0.4654092788696289       
2949      0.5274255275726318       0.5274255275726318       0.1386241912841797       0.5274255275726318       
2974      0.7544467449188232       0.7544467449188232       0.1871945858001709       0.7544467449188232       
2999      0.500960111618042        0.500960111618042        0.14295029640197754      0.500960111618042        
3024      0.5403785705566406       0.5403785705566406       0.15812015533447266      0.5403785705566406       
3049      0.5742635726928711       0.5742635726928711       0.17336082458496094      0.5742635726928711       
3074      0.6312048435211182       0.6312048435211182       0.14820575714111328      0.6312048435211182       
3099      0.5784375667572021       0.5784375667572021       0.19732022285461426      0.5784375667572021       
3124      0.6206028461456299       0.6206028461456299       0.2156977653503418       0.6206028461456299       
3149      0.6188457012176514       0.6188457012176514       0.16882944107055664      0.6188457012176514       
3174      0.620415449142456        0.620415449142456        0.21283340454101562      0.620415449142456        
3199      0.551375150680542        0.551375150680542        0.1668238639831543       0.551375150680542        
3224      0.5832388401031494       0.5832388401031494       0.18816280364990234      0.5832388401031494       
3249      0.583787202835083        0.583787202835083        0.21168231964111328      0.583787202835083        
3274      0.5835428237915039       0.5835428237915039       0.15950226783752441      0.5835428237915039       
3299      0.6061136722564697       0.6061136722564697       0.29943299293518066      0.6061136722564697       
3324      0.6035058498382568       0.6035058498382568       0.1722855567932129       0.6035058498382568       
3349      0.6222646236419678       0.6222646236419678       0.1892385482788086       0.6222646236419678       
3374      0.6489410400390625       0.6489410400390625       0.22864151000976562      0.6489410400390625       
3399      0.6430850028991699       0.6430850028991699       0.1967158317565918       0.6430850028991699       
3424      0.6424157619476318       0.6424157619476318       0.21480441093444824      0.6424157619476318       
3449      0.7202363014221191       0.7202363014221191       0.2698676586151123       0.7202363014221191       
3474      0.7972922325134277       0.7972922325134277       0.2597923278808594       0.7972922325134277       
3499      0.8107359409332275       0.8107359409332275       0.22276592254638672      0.8107359409332275       
3524      0.727515459060669        0.727515459060669        0.20812153816223145      0.727515459060669        
3549      0.6758279800415039       0.6758279800415039       0.21455121040344238      0.6758279800415039       
3574      0.685713529586792        0.685713529586792        0.21543097496032715      0.685713529586792        
3599      0.8540248870849609       0.8540248870849609       0.2243037223815918       0.8540248870849609       
3624      0.8582534790039062       0.8582534790039062       0.24753665924072266      0.8582534790039062       
3649      0.811622142791748        0.811622142791748        0.26554107666015625      0.811622142791748        
3674      0.9081120491027832       0.9081120491027832       0.2173750400543213       0.9081120491027832       
3699      0.8344006538391113       0.8344006538391113       0.3049201965332031       0.8344006538391113       
3724      0.7917959690093994       0.7917959690093994       0.28621697425842285      0.7917959690093994       
3749      0.8517796993255615       0.8517796993255615       0.21360516548156738      0.8517796993255615       
3774      0.8293180465698242       0.8293180465698242       0.215895414352417        0.8293180465698242       
3799      0.9807589054107666       0.9807589054107666       0.2693314552307129       0.9807589054107666       
3824      0.9543042182922363       0.9543042182922363       0.27509307861328125      0.9543042182922363       
3849      0.9825043678283691       0.9825043678283691       0.25667500495910645      0.9825043678283691       
3874      0.865037202835083        0.865037202835083        0.2769639492034912       0.865037202835083        
3899      0.9439804553985596       0.9439804553985596       0.26453256607055664      0.9439804553985596       
3924      0.9087131023406982       0.9087131023406982       0.2489948272705078       0.9087131023406982       
3949      0.9039816856384277       0.9039816856384277       0.25179409980773926      0.9039816856384277       
3974      0.923940896987915        0.923940896987915        0.24901413917541504      0.923940896987915        
3999      0.9264218807220459       0.9264218807220459       0.280531644821167        0.9264218807220459       
4024      0.812652587890625        0.812652587890625        0.25455355644226074      0.812652587890625        
4049      0.9242665767669678       0.9242665767669678       0.27156734466552734      0.9242665767669678       
4074      1.0813992023468018       1.0813992023468018       0.2854893207550049       1.0813992023468018       
4099      0.9699184894561768       0.9699184894561768       0.30231595039367676      0.9699184894561768       
4124      0.9595489501953125       0.9595489501953125       0.31520724296569824      0.9595489501953125       
4149      0.9306695461273193       0.9306695461273193       0.30095553398132324      0.9306695461273193       
4174      1.0411131381988525       1.0411131381988525       0.3670220375061035       1.0411131381988525       
4199      0.9938383102416992       0.9938383102416992       0.2692451477050781       0.9938383102416992       
4224      1.0796034336090088       1.0796034336090088       0.44362521171569824      1.0796034336090088       
4249      1.1516318321228027       1.1516318321228027       0.3396327495574951       1.1516318321228027       
4274      1.3198871612548828       1.3198871612548828       0.3209059238433838       1.3198871612548828       
4299      1.2074732780456543       1.2074732780456543       0.31706929206848145      1.2074732780456543       
4324      1.1942670345306396       1.1942670345306396       0.32590389251708984      1.1942670345306396       
4349      1.1082282066345215       1.1082282066345215       0.3382532596588135       1.1082282066345215       
4374      1.026430368423462        1.026430368423462        0.30111217498779297      1.026430368423462        
4399      1.048593521118164        1.048593521118164        0.30562853813171387      1.048593521118164        
4424      1.0430169105529785       1.0430169105529785       0.3168220520019531       1.0430169105529785       
4449      1.098055362701416        1.098055362701416        0.30425333976745605      1.098055362701416        
4474      1.056272029876709        1.056272029876709        0.32752346992492676      1.056272029876709        
4499      1.0620486736297607       1.0620486736297607       0.31561779975891113      1.0620486736297607       
4524      1.2732479572296143       1.2732479572296143       0.32509303092956543      1.2732479572296143       
4549      1.0744292736053467       1.0744292736053467       0.36514854431152344      1.0744292736053467       
4574      1.1587505340576172       1.1587505340576172       0.32953691482543945      1.1587505340576172       
4599      1.189532995223999        1.189532995223999        0.336362361907959        1.189532995223999        
4624      1.1762146949768066       1.1762146949768066       0.3278658390045166       1.1762146949768066       
4649      1.3906137943267822       1.3906137943267822       0.4442160129547119       1.3906137943267822       
4674      1.4434034824371338       1.4434034824371338       0.35878658294677734      1.4434034824371338       
4699      1.2671451568603516       1.2671451568603516       0.5327813625335693       1.2671451568603516       
4724      1.4043521881103516       1.4043521881103516       0.424588680267334        1.4043521881103516       
4749      1.4129884243011475       1.4129884243011475       0.3452775478363037       1.4129884243011475       
4774      1.2811119556427002       1.2811119556427002       0.5395348072052002       1.2811119556427002       
4799      1.3587031364440918       1.3587031364440918       0.3149378299713135       1.3587031364440918       
4824      1.4900171756744385       1.4900171756744385       0.4570169448852539       1.4900171756744385       
4849      1.797192096710205        1.797192096710205        0.595381498336792        1.797192096710205        
4874      1.8767249584197998       1.8767249584197998       0.4861581325531006       1.8767249584197998       
4899      1.9946727752685547       1.9946727752685547       0.4834628105163574       1.9946727752685547       
4924      1.7232646942138672       1.7232646942138672       0.50179123878479         1.7232646942138672       
4949      1.7046890258789062       1.7046890258789062       0.4853048324584961       1.7046890258789062       
4974      1.7533979415893555       1.7533979415893555       0.47347497940063477      1.7533979415893555       